#Layer_Color=16711935
#
#Feature symbol names
#
$0 r3.937
$1 r7.874

#
#Feature attribute names
#

#
#Layer features
#
A 4.6385433 5.1748032 4.6385433 5.1748032 4.6188583 5.1748032 0 P 0 N
L 4.5834253 5.1393701 4.5834253 5.4503937 0 P 0
L 4.5834253 5.1393701 4.7605906 5.1393701 0 P 0
L 4.5834253 5.4503937 4.7605906 5.4503937 0 P 0
L 4.606063 5.0104331 4.606063 5.0793307 0 P 0
L 4.606063 5.0104331 4.7379528 5.0104331 0 P 0
L 4.606063 5.0793307 4.7379528 5.0793307 0 P 0
L 4.6325591 5.528937 4.6325591 5.6608268 0 P 0
L 4.6325591 5.528937 4.7014567 5.528937 0 P 0
L 4.6325591 5.6608268 4.7014567 5.6608268 0 P 0
L 4.7014567 5.528937 4.7014567 5.6608268 0 P 0
L 4.7375591 5.528937 4.7375591 5.6608268 0 P 0
L 4.7375591 5.528937 4.8064567 5.528937 0 P 0
L 4.7375591 5.6608268 4.8064567 5.6608268 0 P 0
L 4.7379528 5.0104331 4.7379528 5.0793307 0 P 0
L 4.7605906 5.1393701 4.7605906 5.4503937 0 P 0
L 4.8064567 5.528937 4.8064567 5.6608268 0 P 0
L 4.8770079 4.8548819 4.8770079 5.8548819 1 P 0
L 5.0270079 5.0548819 5.0270079 5.6548819 1 P 0
L 5.0270079 5.0548819 5.5770079 5.0548819 1 P 0
L 5.0270079 5.6548819 5.5770079 5.6548819 1 P 0
L 5.4925591 4.538937 5.4925591 4.6708268 0 P 0
L 5.4925591 4.538937 5.5614567 4.538937 0 P 0
L 5.4925591 4.6708268 5.5614567 4.6708268 0 P 0
L 5.5614567 4.538937 5.5614567 4.6708268 0 P 0
L 5.5770079 5.0548819 5.5770079 5.6548819 1 P 0
L 5.5925591 4.538937 5.5925591 4.6708268 0 P 0
L 5.5925591 4.538937 5.6614567 4.538937 0 P 0
L 5.5925591 4.6708268 5.6614567 4.6708268 0 P 0
L 5.6614567 4.538937 5.6614567 4.6708268 0 P 0
L 5.8770079 5.1548819 5.8770079 5.5048819 1 P 0
L 5.8770079 5.1548819 6.2270079 5.1548819 1 P 0
L 5.8770079 5.5048819 6.2270079 5.5048819 1 P 0
L 5.936063 4.6204331 5.936063 4.6893307 0 P 0
L 5.936063 4.6204331 6.0679528 4.6204331 0 P 0
L 5.936063 4.6893307 6.0679528 4.6893307 0 P 0
L 6.0679528 4.6204331 6.0679528 4.6893307 0 P 0
L 6.2270079 5.1548819 6.2270079 5.4548819 1 P 0
L 6.2270079 5.4548819 6.2270079 5.5048819 1 P 0
L 6.6770079 5.1548819 6.6770079 5.5548819 1 P 0
L 6.6770079 5.1548819 6.9770079 5.1548819 1 P 0
L 6.6770079 5.5548819 6.9770079 5.5548819 1 P 0
L 6.9770079 4.8548819 6.9770079 5.1548819 1 P 0
L 6.9770079 5.5548819 6.9770079 5.8548819 1 P 0
