#Layer_Color=32768
#
#Feature symbol names
#
$0 r1.9685
$1 r3.937

#
#Feature attribute names
#

#
#Layer features
#
L 4.5007481 5.1196851 4.5007481 5.4700788 0 P 0
L 4.5007481 5.1196851 4.8432678 5.1196851 0 P 0
L 4.5007481 5.4700788 4.8432678 5.4700788 0 P 0
L 4.5814567 4.9996063 4.5814567 5.0901575 0 P 0
L 4.5814567 4.9996063 4.7625591 4.9996063 0 P 0
L 4.5814567 5.0901575 4.7625591 5.0901575 0 P 0
L 4.6217323 5.5043307 4.6217323 5.6854331 0 P 0
L 4.6217323 5.5043307 4.7122835 5.5043307 0 P 0
L 4.6217323 5.6854331 4.7122835 5.6854331 0 P 0
L 4.6473228 5.5948819 4.6866929 5.5948819 1 P 0
L 4.6523229 5.0448819 4.6916929 5.0448819 1 P 0
L 4.6523229 5.2948819 4.691693 5.2948819 1 P 0
L 4.6670079 5.5751969 4.6670079 5.6145669 1 P 0
L 4.6720079 5.0251969 4.6720079 5.064567 1 P 0
L 4.6720079 5.2751969 4.6720079 5.314567 1 P 0
L 4.7122835 5.5043307 4.7122835 5.6854331 0 P 0
L 4.7267323 5.5043307 4.7267323 5.6854331 0 P 0
L 4.7267323 5.5043307 4.8172835 5.5043307 0 P 0
L 4.7267323 5.6854331 4.8172835 5.6854331 0 P 0
L 4.7523228 5.5948819 4.7916929 5.5948819 1 P 0
L 4.7625591 4.9996063 4.7625591 5.0901575 0 P 0
L 4.7720079 5.5751969 4.7720079 5.6145669 1 P 0
L 4.8172835 5.5043307 4.8172835 5.6854331 0 P 0
L 4.8432678 5.1196851 4.8432678 5.4700788 0 P 0
L 5.4817323 4.5143307 5.4817323 4.6954331 0 P 0
L 5.4817323 4.5143307 5.5722835 4.5143307 0 P 0
L 5.4817323 4.6954331 5.5722835 4.6954331 0 P 0
L 5.5073228 4.6048819 5.5466929 4.6048819 1 P 0
L 5.5270079 4.5851969 5.5270079 4.6245669 1 P 0
L 5.5722835 4.5143307 5.5722835 4.6954331 0 P 0
L 5.5817323 4.5143307 5.5817323 4.6954331 0 P 0
L 5.5817323 4.5143307 5.6722835 4.5143307 0 P 0
L 5.5817323 4.6954331 5.6722835 4.6954331 0 P 0
L 5.6073228 4.6048819 5.6466929 4.6048819 1 P 0
L 5.6270079 4.5851969 5.6270079 4.6245669 1 P 0
L 5.6722835 4.5143307 5.6722835 4.6954331 0 P 0
L 5.9114567 4.6096063 5.9114567 4.7001575 0 P 0
L 5.9114567 4.6096063 6.0925591 4.6096063 0 P 0
L 5.9114567 4.7001575 6.0925591 4.7001575 0 P 0
L 5.9823229 4.6548819 6.0216929 4.6548819 1 P 0
L 6.0020079 4.6351969 6.0020079 4.674567 1 P 0
L 6.0925591 4.6096063 6.0925591 4.7001575 0 P 0
